000647617
000803215
001171231
005741906
015890498
021066381
033663619
041625574
042700658
050653473
053980893
054367702
059284139
062728732
073211525
076848285
077121198
077163993
080846464
081011361
081232570
083241291
083364259
087437383
087661720
097863725
098090405
101838832
104835585
112604496
116783406
124116963
125635376
127497651
128207503
136216608
137146932
147939289
164128658
168517472
182737852
189859171
196374590
199216567
202254357
216607711
232659795
242381670
243339529
244918527
249858519
257797292
257895944
269015932
269157261
271136754
271614109
279080024
286225332
311289324
317675262
320691739
329759796
337615663
341708492
346938111
354474868
357835141
358390884
359774824
363851353
364060467
368741489
374679609
381144425
382832140
385660251
388475446
402585706
404157420
404183620
404983369
409793041
424127124
435518624
440489464
443722683
446135799
447451869
448389966
455008820
459190453
459613739
472300557
488392920
490291639
494051052
495271053
495737304
497726268
504471386
510020331
521514539
524699651
543383899
546906638
550276277
557549000
559783197
563307670
568844323
579769934
588957573
591597745
593027548
594143498
594817909
596116320
600039004
607203641
612432109
614496034
615309584
615734013
615831236
617055193
619653661
630408328
635008585
648375525
649263319
649681621
650190272
650970816
653585396
661559147
671943334
674080319
675429853
681067688
681478012
686943691
688816242
694575319
701862616
704026565
706155322
706186218
724332293
727482965
731763175
739947771
743371399
752644096
752776254
754135833
755280305
760213482
770851101
788808021
809880438
817651329
825661608
827480048
827688488
828235468
839016251
846986027
857428120
866631112
868785851
870519416
876924536
888703414
895992818
904779190
914067457
931543453
934896568
947158470
957913612
976419172
983486664
997639611
